0002.png
OA_Loss = 0.09844970703125
IoU_Loss = 0.2008467189640144
